camera_matrix:
- - 981.7534324905963
  - 0.0
  - 1025.2844130929775
- - 0.0
  - 983.16210949821
  - 774.9393189407587
- - 0.0
  - 0.0
  - 1.0
dist_coeff:
- - 0.10942475318526926
  - -0.1500406572263144
  - -0.002003692884933202
  - -0.001760197098035485
  - 0.09868491983348174
