camera_matrix:
- - 978.8021964998253
  - 0.0
  - 1027.5744702702207
- - 0.0
  - 977.7888189543888
  - 773.2052490606451
- - 0.0
  - 0.0
  - 1.0
dist_coeff:
- - 0.0856461565400581
  - -0.05457124967886009
  - -0.0021528825553921156
  - -0.0008284005836705571
  - 0.009633271856886678
